Option layer 1: (4 options)
[7202., 4924., 4377., 6176.]

Option layer 2: (8 options)
[9197., 4582., 4761., 3738.,  132.,   79.,   80.,  110.]

Action layer: (2 actions)
[1167., 21512.]

Option layer 2 vs Actions (8 * 2)
[[ 513., 8684.],
 [ 161., 4421.],
 [ 313., 4448.],
 [ 113., 3625.],
 [  26.,  106.],
 [  13.,   66.],
 [   8.,   72.],
 [  20.,   90.]]

visits (4 * 8 * 2)
array([[[ 256., 4284.],
        [  35.,  449.],
        [  99., 1204.],
        [  27.,  745.],
        [   8.,   29.],
        [   3.,   20.],
        [   2.,   15.],
        [   6.,   20.]],
       [[ 140., 1324.],
        [  73., 2187.],
        [  40.,  476.],
        [   9.,  571.],
        [   7.,   31.],
        [   3.,   11.],
        [   2.,   23.],
        [   3.,   24.]],
       [[  33.,  822.],
        [  18.,  565.],
        [ 128., 1930.],
        [  31.,  760.],
        [   7.,   19.],
        [   5.,   13.],
        [   2.,   17.],
        [   4.,   23.]],
       [[  84., 2254.],
        [  35., 1220.],
        [  46.,  838.],
        [  46., 1549.],
        [   4.,   27.],
        [   2.,   22.],
        [   2.,   17.],
        [   7.,   23.]]])
